  462.65    122.2501
  444.81  -2089.9645
  439.54   2650.4632
  427.26   -924.0812
  360.59      0.0985
  353.66     -0.9751
  330.73      6.1228
  328.33     22.2617
  310.82    -34.8965
  310.72    -10.9421
  309.65     14.1731
  306.06     -5.2804
  301.10    -80.8807
  299.06    151.0092
  297.74    -80.5228
  297.41    -23.9618
  295.94   -133.1683
  295.83    -71.6365
  295.57     46.8646
  294.98    -54.4037
  284.84    138.9960
  284.10    162.1812
  282.20     67.8416
  280.42    -11.5817
  279.63    -10.1879
  279.04     21.9707
  278.86     22.1692
  277.65     -8.4218
  277.40     20.5114
  276.78    -30.1054