  463.60    290.0147
  446.71  -1630.5063
  440.83   1975.0556
  425.86   -960.2373
  360.78     -3.3788
  358.61     -4.3773
  336.78     50.7851
  331.76      0.6894
  311.62    -30.3408
  310.23      2.7781
  308.88      7.6914
  307.87     -1.3525
  300.68   -113.9580
  299.45     86.5691
  298.50      5.5934
  297.49    -70.8695
  296.78    -83.5514
  294.66    -18.2417
  294.38     15.2329
  294.05    -20.4097
  284.35    111.2283
  282.83    167.4518
  281.93     50.6831
  280.16     -4.1280
  280.07     -2.1083
  280.01      4.6250
  278.71     34.1820
  277.70    -11.4309
  277.33      5.5343
  276.72     12.0672