  460.08   -595.1525
  444.39    435.4086
  436.54  -2133.4690
  420.21   2292.2335
  349.62    -10.4392
  335.29      4.1499
  334.32    -25.3855
  325.33     -2.3502
  312.78      5.1598
  311.56     -1.6673
  309.72      8.9693
  305.14     38.3334
  300.92    -64.6613
  298.51   -143.4105
  297.26      8.3989
  296.96    -14.4197
  296.36     14.1816
  295.23     -8.3793
  292.47     44.5900
  291.53     10.1382
  289.83    -32.6500
  286.99     17.8831
  286.12      0.3988
  284.67     37.7229
  284.56     44.5800
  282.08      6.3695
  280.98      9.3154
  279.45      4.3057
  279.01     30.1564
  278.31     -2.8073