  440.16   -1341.2781
  422.17    1236.6058
  308.97      11.1542
  308.39      -1.0195
  294.86    -113.1365
  294.50       1.1042
  293.38      65.3240
  292.59     -57.6285
  282.16      38.7944
  281.83      58.9603
  278.73     -19.1665
  277.38       7.4380
  277.36       1.7552
  276.79      66.3400
  274.39      -9.9144
  272.97      -1.1195
  270.50       2.0013
  268.97       0.1560
  265.39       6.1905
  264.01      -1.6882
  262.43      74.0371
  261.13      -9.1194
  259.11     -89.0270
  258.94     -72.7721
  258.37       0.6431
  255.70      33.0121
  255.64       3.3137
  251.51      12.5687
  247.07      44.8307
  245.98       2.3321