  440.85  -1343.7150
  423.07   1236.5948
  308.97     11.0458
  308.39     -0.9049
  295.07    -99.9910
  294.80     -4.2567
  293.28     60.3617
  292.50    -56.7974
  282.38     36.5182
  282.07     60.1300
  278.95    -19.6572
  277.67      1.6046
  277.64      6.4999
  276.83     65.2348
  274.45     -8.9709
  273.03     -0.9818
  270.48      0.7014
  268.87      1.1415
  265.43      3.7051
  264.00     -0.8984
  262.75     72.9774
  261.54     -8.6026
  259.35    -12.8582
  258.89   -158.7620
  258.61     -2.8373
  256.42     44.8454
  256.21      5.4219
  251.54     13.5650
  247.33     42.5802
  246.27      2.9466