  462.65 0.0025 
  444.81 1.0099 
  439.54 1.0990 
  427.26 0.8324 
  360.59 0.0054 
  353.66 0.0030 
  330.73 0.0106 
  328.33 0.0134 
  310.82 0.0027 
  310.72 0.0039 
  309.65 0.0086 
  306.06 0.0016 
  301.10 0.0689 
  299.06 0.1099 
  297.74 0.0070 
  297.41 0.0080 
  295.94 0.0660 
  295.83 0.0730 
  295.57 0.0303 
  294.98 0.0042 
  284.84 0.0251 
  284.10 0.0175 
  282.20 0.0500 
  280.42 0.0054 
  279.63 0.0010 
  279.04 0.0032 
  278.86 0.0021 
  277.65 0.0010 
  277.40 0.0064 
  276.78 0.0112 