  463.60 0.0186 
  446.71 0.9612 
  440.83 1.0390 
  425.86 0.8449 
  360.78 0.0068 
  358.61 0.0012 
  336.78 0.0481 
  331.76 0.0383 
  311.62 0.0061 
  310.23 0.0025 
  308.88 0.0044 
  307.87 0.0102 
  300.68 0.0910 
  299.45 0.0775 
  298.50 0.0274 
  297.49 0.0077 
  296.78 0.0157 
  294.66 0.0506 
  294.38 0.0313 
  294.05 0.0319 
  284.35 0.0168 
  282.83 0.0275 
  281.93 0.0387 
  280.16 0.0005 
  280.07 0.0040 
  280.01 0.0007 
  278.71 0.0050 
  277.70 0.0010 
  277.33 0.0029 
  276.72 0.0050 