  440.16  1.0237
  422.17  1.0733
  308.97  0.0023
  308.39  0.0002
  294.86  0.0068
  294.50  0.0001
  293.38  0.0750
  292.59  0.0402
  282.16  0.0071
  281.83  0.0074
  278.73  0.0062
  277.38  0.0013
  277.36  0.0001
  276.79  0.0205
  274.39  0.0041
  272.97  0.0002
  270.50  0.0052
  268.97  0.0029
  265.39  0.0271
  264.01  0.0016
  262.43  0.0685
  261.13  0.0039
  259.11  0.0558
  258.94  0.0592
  258.37  0.0007
  255.70  0.0081
  255.64  0.0017
  251.51  0.0015
  247.07  0.0035
  245.98  0.0004