atom x y z
C 24.9064 17.5301 12.5030
C 25.9094 16.5634 12.6611
C 25.6851 15.4237 13.4404
C 24.4686 15.2540 14.0968
C 23.4200 16.1760 13.8942
C 23.6484 17.2700 13.0484
C 26.6890 14.4469 13.4761
C 26.5153 13.2582 14.1771
C 25.3348 13.0847 14.9029
C 24.3417 14.0768 14.8486
H 25.0718 18.3731 11.8507
H 26.8532 16.7157 12.1257
H 27.5949 14.5926 12.9119
H 27.2786 12.4714 14.1481
H 25.2138 12.1719 15.4771
H 23.4832 13.9364 15.4947
C 21.7973 16.7070 15.7749
C 20.5432 16.5967 16.3819
C 22.0874 15.9761 14.5817
C 21.0835 15.1072 14.0822
C 19.8133 15.0222 14.7230
C 19.5656 15.7407 15.8743
C 21.2738 14.3493 12.8959
C 20.2861 13.5524 12.3614
C 19.0381 13.5116 12.9910
C 18.8249 14.1907 14.1786
H 20.2804 17.1720 17.2874
H 18.5976 15.6826 16.3539
H 18.2599 12.8595 12.5517
H 17.9021 14.1396 14.6874
H 22.2094 14.4211 12.3784
H 20.4995 13.0081 11.4530
C 17.1689 22.6298 11.5268
C 17.0616 21.2641 11.1030
C 18.1656 20.4033 11.2681
C 19.3626 20.8896 11.8795
C 19.4634 22.2268 12.2714
C 18.3566 23.0984 12.0966
C 18.1764 19.0769 10.8309
C 19.2834 18.2667 10.9912
C 20.4267 18.7074 11.6507
C 20.4453 20.0155 12.1373
C 20.6438 22.6652 12.8511
C 21.6643 21.7823 13.1563
C 21.5780 20.4366 12.8169
C 21.6233 17.7892 11.8270
N 22.6129 18.2097 12.6753
C 22.7091 19.4921 13.1480
C 15.8532 20.8217 10.5324
C 14.7574 21.6772 10.4225
C 14.8637 22.9904 10.8327
C 16.0367 23.4841 11.4037
C 16.1163 24.8105 11.7795
C 17.3165 25.2739 12.3609
C 18.4208 24.4355 12.4289
N 13.7735 25.1450 11.2324
C 14.9103 25.7031 11.7198
H 17.4210 26.3413 12.6424
H 19.2598 24.8954 12.8887
O 14.9781 26.8567 12.0763
O 12.6254 23.3887 10.3342
C 12.5538 25.9896 11.2635
O 23.6888 19.8904 13.7452
O 21.7884 16.7611 11.1849
H 12.7015 26.8934 10.6415
H 11.7065 25.3973 10.9134
H 12.3462 26.2650 12.3055
C 13.6656 23.8551 10.7294
H 22.5413 22.1128 13.7040
H 20.7943 23.6956 13.1466
H 19.2811 17.2581 10.5819
H 17.3374 18.6943 10.2908
H 15.6825 19.8212 10.2309
H 13.8478 21.2322 10.0360
N 30.6752 24.3751 20.7233
C 30.9251 23.0245 20.6783
C 29.8579 22.0939 20.1927
C 29.4853 24.8927 20.3842
C 28.3693 23.9601 19.9957
C 28.6367 22.6181 19.8196
C 30.1626 20.7503 20.0307
C 29.1807 19.9366 19.4883
C 27.9043 20.4213 19.1278
C 27.6453 21.7932 19.2632
C 27.1431 24.4639 19.6564
C 26.1679 23.6470 19.1554
C 26.4150 22.3083 18.9155
C 26.8973 19.5809 18.5638
C 25.6569 20.1034 18.1661
C 27.1146 18.2236 18.4274
C 26.1517 17.4129 17.8735
C 24.9619 17.9495 17.4202
C 24.6972 19.2826 17.5611
C 23.4856 19.8164 17.0831
C 23.2008 21.1203 17.3506
C 24.1615 21.9626 17.9440
C 25.4064 21.4815 18.3443
C 23.9034 17.0483 16.9622
N 22.7761 17.5836 16.3926
C 22.4935 18.9172 16.4221
O 24.0398 15.8559 17.0305
O 21.4740 19.3750 15.9445
O 32.0226 22.5927 21.0618
O 29.2754 26.0802 20.3963
C 31.8157 25.3345 21.0063
H 32.6378 24.8764 21.5496
H 32.1508 25.7922 20.0921
H 31.4408 26.0833 21.6716
H 26.3863 16.3332 17.7470
H 28.0400 17.7276 18.7744
H 22.2644 21.5569 17.0906
H 23.9038 22.9979 18.0248
H 26.8950 25.5147 19.7263
H 25.2357 24.0765 18.9764
H 29.4368 18.8802 19.3363
H 31.1370 20.2990 20.3283
C 20.2700 28.9726 13.4098
C 19.1018 29.6435 13.1300
C 18.4286 30.3025 14.1551
C 18.8918 30.2558 15.5024
C 20.0345 29.5073 15.8240
C 20.7034 28.8683 14.7378
C 17.3354 31.0829 13.8403
C 16.6964 31.8620 14.8041
C 17.1131 31.8193 16.1330
C 18.2196 31.0613 16.4766
H 20.8287 28.5489 12.5798
H 18.7519 29.7198 12.0816
H 16.9401 31.1017 12.8175
H 15.8523 32.4264 14.5048
H 16.5980 32.3765 16.8800
H 18.4884 31.0367 17.5333
C 20.0977 28.3120 18.1129
C 20.5506 28.2798 19.4512
C 20.4708 29.3816 17.2816
C 21.2077 30.5018 17.8568
C 21.6655 30.4018 19.1672
C 21.3692 29.2973 19.9541
C 21.4581 31.7056 17.1451
C 22.1699 32.7511 17.7488
C 22.6969 32.5744 18.9952
C 22.4573 31.4130 19.6976
H 20.2823 27.4543 20.1194
H 21.7550 29.2876 20.9818
H 23.3090 33.3709 19.4566
H 22.8580 31.2755 20.6759
H 21.0684 31.8213 16.1257
H 22.3497 33.6892 17.1870
C 27.9473 24.6469 16.1599
C 27.9422 26.0499 16.3163
C 26.7523 26.7878 16.0251
C 25.5710 26.1204 15.6330
C 25.6411 24.7178 15.5025
C 26.8265 23.9736 15.7087
C 26.6558 28.1981 16.1773
C 25.4559 28.8822 15.9413
C 24.3199 28.1992 15.5394
C 24.3689 26.8257 15.4425
C 24.4585 24.0889 15.1767
C 23.2786 24.7542 14.9443
C 23.2275 26.1622 15.0594
C 23.0490 28.9303 15.2300
N 21.9506 28.1895 14.9249
C 21.9635 26.8527 14.7200
C 29.0852 26.6900 16.7879
C 30.2098 26.0014 17.1491
C 30.2538 24.6287 16.9846
C 29.1366 23.9471 16.4652
C 29.1698 22.5479 16.3342
C 28.0585 21.8776 15.8171
C 26.8957 22.5872 15.5228
N 31.4865 22.5213 17.1380
C 30.4201 21.8107 16.6401
H 28.0788 20.8198 15.7244
H 26.0652 21.9982 15.1555
O 30.4492 20.6018 16.4550
O 32.4285 24.4977 17.7431
C 32.7475 21.7795 17.3758
O 20.9914 26.2571 14.3275
O 22.9942 30.1424 15.1476
H 32.5575 20.8641 17.9022
H 33.1782 21.5104 16.4148
H 33.4404 22.4125 17.8934
C 31.4907 23.8793 17.3494
H 22.3984 24.2001 14.6244
H 24.4196 23.0005 15.0675
H 25.4113 29.9602 15.9280
H 27.4870 28.8074 16.3926
H 29.1616 27.7860 16.8649
H 31.0485 26.5519 17.5334
N 14.0928 18.3705 12.8410
C 13.3684 19.5273 13.0112
C 14.0641 20.6951 13.6288
C 15.3884 18.2214 13.2081
C 16.0667 19.3931 13.8599
C 15.3987 20.6073 14.0202
C 13.4141 21.9075 13.8020
C 14.1104 23.0143 14.2660
C 15.4390 22.8974 14.7562
C 16.0975 21.6654 14.6131
C 17.3961 19.2228 14.3118
C 18.0566 20.2843 14.8778
C 17.4175 21.5259 15.0216
C 16.0950 24.0110 15.3192
C 17.4058 23.8638 15.7839
C 15.4434 25.2539 15.4843
C 16.0804 26.2985 16.1216
C 17.3998 26.1609 16.5415
C 18.0691 24.9559 16.3482
C 19.3686 24.8549 16.8206
C 20.0695 23.6373 16.6318
C 19.3916 22.5555 16.0761
C 18.0858 22.6489 15.6296
C 18.0751 27.2936 17.2377
N 19.3936 27.1676 17.5596
C 20.1109 26.0226 17.3869
O 17.4593 28.3450 17.4143
O 21.2655 25.8724 17.7208
O 12.1963 19.6205 12.6599
O 15.9800 17.1524 13.0801
C 13.3718 17.1818 12.2470
H 12.3798 17.0064 12.6847
H 13.2006 17.3598 11.1416
H 13.9343 16.2509 12.2741
H 15.5634 27.2586 16.2587
H 14.4701 25.4469 15.0964
H 21.0988 23.5602 16.9393
H 19.9950 21.6142 16.0044
H 17.9601 18.3358 14.1445
H 19.0532 20.0955 15.2790
H 13.5369 23.9437 14.3143
H 12.4034 22.0563 13.5035
