atom x y z
C 19.2613 24.9930 23.8030
C 18.1848 24.0966 23.9673
C 18.4365 22.7110 24.0705
C 19.7892 22.2750 24.0939
C 20.8179 23.1725 23.8279
C 20.5674 24.5359 23.7011
C 17.7224 26.8458 23.8625
C 16.6562 25.9556 23.9427
C 16.8477 24.5735 24.0218
C 19.0554 26.3806 23.7364
C 16.0606 22.2933 24.1950
C 14.9805 21.3660 24.2139
C 15.2153 19.9784 24.2242
C 16.5327 19.5209 24.2344
C 17.5805 20.4227 24.1542
C 17.3857 21.8313 24.1794
C 14.4452 24.0755 24.1349
C 13.4084 23.1713 24.1472
C 13.6745 21.8192 24.1631
C 15.7826 23.6601 24.0961
C 20.1702 27.3233 23.6925
C 21.7267 25.4796 23.5501
C 12.5025 20.8440 24.1957
N 12.8041 19.5133 24.1778
C 14.0633 18.9947 24.2143
O 11.3516 21.2361 24.1947
O 14.2792 17.7818 24.1954
C 11.6445 18.5743 24.1512
N 21.4350 26.8211 23.5750
O 19.9925 28.5169 23.7710
O 22.8967 25.1023 23.4907
H 20.0970 21.2163 24.0836
H 21.8692 22.8049 23.7187
H 17.5227 27.8903 23.8195
H 15.6667 26.4188 23.9254
H 16.7138 18.4595 24.2527
H 18.5654 19.9813 24.0912
H 14.1621 25.0855 24.1851
H 12.3855 23.5384 24.0991
H 11.9679 17.6877 23.5960
H 10.6738 19.0160 23.8436
H 11.4421 18.2969 25.1890
C 25.5864 25.0163 20.4376
C 26.6867 24.1158 20.4998
C 28.0166 24.5707 20.4578
C 28.2094 25.9511 20.3603
C 27.1796 26.8351 20.2893
C 25.8713 26.3844 20.3095
C 24.0054 23.2596 20.6325
C 25.0583 22.3058 20.6676
C 26.3836 22.7539 20.6646
C 24.2448 24.6127 20.5300
C 28.7729 22.3060 20.8355
C 29.8086 21.3853 21.0684
C 31.1621 21.8090 21.0508
C 31.4703 23.1521 20.7646
C 30.4206 24.0286 20.5476
C 29.0656 23.6547 20.6236
C 27.2114 20.4858 21.0967
C 28.2424 19.5685 21.2253
C 29.5510 20.0394 21.2659
C 27.4393 21.8528 20.8498
C 23.1339 25.5760 20.4855
C 24.7364 27.3584 20.1372
C 30.6880 19.0326 21.4273
N 31.9655 19.4993 21.3647
C 32.2674 20.8368 21.2344
O 30.4775 17.8466 21.5521
O 33.4314 21.1646 21.2774
C 33.0861 18.5142 21.4486
N 23.4280 26.8875 20.2548
O 21.9655 25.2379 20.6559
O 24.9723 28.5383 19.8691
H 29.2178 26.3402 20.4651
H 27.3623 27.8986 20.1635
H 22.9552 22.9104 20.7457
H 24.8020 21.2513 20.7082
H 32.4758 23.4889 20.7570
H 30.6975 25.0547 20.4013
H 26.2042 20.0636 21.2294
H 28.0862 18.5071 21.4270
H 33.8025 18.7023 20.6516
H 32.7263 17.4835 21.3625
H 33.5292 18.5910 22.4261
C 21.5562 27.7844 18.9777
C 20.4709 28.6165 18.7928
C 20.1050 29.5271 19.7784
C 20.8282 29.5709 20.9810
C 21.9282 28.6987 21.1790
C 22.3212 27.8286 20.1370
C 19.0000 30.3476 19.5868
C 18.6331 31.2774 20.5370
C 19.3855 31.4093 21.7067
C 20.4428 30.5119 21.9413
C 22.7255 28.6869 22.4926
C 22.5057 27.7774 23.5703
C 23.3902 27.7802 24.6676
C 24.4815 28.6450 24.7415
C 24.6780 29.5794 23.7461
C 23.8215 29.6225 22.6458
C 23.9920 30.6246 21.6943
C 25.0570 31.5192 21.8016
C 25.8965 31.4457 22.8943
C 25.7159 30.4807 23.8375
H 21.7641 27.0545 18.1624
H 19.8990 28.5645 17.8780
H 18.3906 30.2843 18.6961
H 17.7734 31.8969 20.3849
H 19.1398 32.2349 22.3694
H 20.9846 30.6164 22.8809
H 23.3179 26.9987 25.4250
H 25.1471 28.6026 25.6228
H 23.3690 30.7222 20.7982
H 25.1833 32.2192 20.9830
H 26.7253 32.1631 23.0180
H 26.3644 30.4445 24.7166
C 25.8010 19.4835 24.2718
C 26.6215 20.6237 24.2638
C 26.0702 21.8996 24.1567
C 24.7143 21.9921 23.9029
C 23.8787 20.8861 23.8823
C 24.4222 19.6221 24.0900
C 27.6831 18.0398 24.5694
C 28.5152 19.1534 24.6278
C 28.0119 20.4490 24.4236
C 26.3209 18.2271 24.4724
C 28.2808 22.8629 24.2249
C 29.1320 23.9820 24.1651
C 28.6019 25.2418 23.9681
C 27.2195 25.4132 23.9197
C 26.3793 24.3473 24.0518
C 26.9067 23.0599 24.1226
C 30.2451 21.4611 24.4456
C 31.0748 22.5518 24.3257
C 30.5230 23.8278 24.1880
C 28.8473 21.5755 24.3564
C 25.4212 17.0073 24.5289
C 23.5260 18.4161 24.0969
C 31.4406 25.0343 24.0144
N 30.8670 26.2669 23.7925
C 29.5160 26.4288 23.7414
O 32.6579 24.9515 24.0427
O 29.0479 27.4949 23.3992
C 31.6967 27.4563 23.4519
N 24.0957 17.1777 24.3142
O 25.8486 15.9198 24.8506
O 22.3135 18.5146 23.9662
H 24.2600 22.9467 23.7085
H 22.8266 20.9513 23.6566
H 28.0918 17.0802 24.7959
H 29.5733 18.9311 24.7781
H 26.8267 26.4411 23.7887
H 25.3134 24.5995 24.1110
H 30.7575 20.5671 24.6097
H 32.1648 22.4244 24.4597
H 31.5250 28.2433 24.1616
H 31.4466 27.7611 22.4419
H 32.7717 27.2431 23.3458
C 20.2557 18.3324 20.8434
C 19.0211 19.0142 20.8183
C 17.8420 18.2892 20.7904
C 17.8504 16.8901 20.7283
C 19.0585 16.2212 20.6372
C 20.2884 16.9301 20.7188
C 21.4737 20.4229 20.9465
C 20.2394 21.0651 20.9544
C 19.0084 20.4238 20.8258
C 21.4852 19.0201 20.8975
C 16.5984 20.4314 20.7630
C 15.3546 21.1411 20.7268
C 14.1788 20.4531 20.7357
C 14.1852 19.0604 20.8878
C 15.4002 18.3620 20.8576
C 16.6265 19.0178 20.7998
C 17.7523 22.5313 20.6978
C 16.5633 23.2302 20.7034
C 15.3363 22.5435 20.7179
C 17.8201 21.1419 20.7506
C 22.7782 18.2350 21.0369
C 21.5886 16.1896 20.6810
C 14.0290 23.3005 20.6093
N 12.8914 22.5530 20.6995
C 12.8617 21.1848 20.7588
O 14.0042 24.4870 20.5302
O 11.8236 20.5482 20.7852
C 11.5748 23.2874 20.7593
N 22.7121 16.8707 20.9465
O 23.8340 18.8153 21.1697
O 21.6323 15.0357 20.2849
H 16.9627 16.2977 20.7915
H 19.0168 15.1633 20.6312
H 22.3873 20.9686 21.1096
H 20.3805 22.1162 21.0080
H 13.2346 18.5476 21.0502
H 15.2920 17.2861 20.9179
H 18.6608 23.0866 20.7009
H 16.5373 24.3047 20.6680
H 11.3749 23.5872 21.7986
H 10.7846 22.6610 20.3924
H 11.5539 24.2242 20.2359
C 24.8583 16.3032 20.0103
C 26.0125 15.5311 19.9393
C 26.2297 14.5775 20.9013
C 25.3650 14.4714 21.9624
C 24.1864 15.2323 22.0569
C 23.9432 16.1568 21.0235
C 27.3546 13.7612 20.7723
C 27.6933 12.8615 21.7640
C 26.8299 12.7362 22.8449
C 25.6820 13.5037 22.9284
C 23.1800 15.0783 23.2083
C 23.2140 16.0155 24.2809
C 22.3587 15.8094 25.3733
C 21.5230 14.7071 25.4356
C 21.5100 13.7850 24.3909
C 22.3774 13.9170 23.3320
C 22.3913 12.9255 22.3437
C 21.5693 11.8207 22.3958
C 20.7709 11.6582 23.5143
C 20.6688 12.6606 24.4708
H 24.6843 17.0145 19.2062
H 26.7062 15.6100 19.0770
H 28.0238 13.9204 19.9454
H 28.6407 12.2843 21.7552
H 27.0980 12.0732 23.6329
H 25.0385 13.3768 23.7850
H 22.3311 16.4429 26.2163
H 20.8256 14.6594 26.2911
H 22.9873 13.0387 21.4339
H 21.5745 11.0768 21.5915
H 20.2362 10.7273 23.6393
H 20.0246 12.5310 25.3610
