atom x y z
C 18.6012 21.8053 24.8757
C 18.2880 23.1701 24.9139
C 19.1384 24.0865 24.2146
C 20.2245 23.5864 23.4975
C 20.5356 22.2141 23.5054
C 19.7135 21.3242 24.1978
C 16.5853 21.2688 26.1040
C 16.3038 22.6409 26.1837
C 17.1416 23.6018 25.6121
C 17.7499 20.8499 25.4445
C 17.7591 25.9221 25.0962
C 17.5535 27.3024 25.2316
C 18.3095 28.2318 24.4959
C 19.3196 27.7585 23.6567
C 19.5745 26.4235 23.5772
C 18.8283 25.4689 24.2819
C 16.0128 25.5167 26.6421
C 15.7876 26.8595 26.7708
C 16.5236 27.7816 26.0343
C 16.9575 25.0059 25.7668
C 17.9889 19.3976 25.3733
C 20.0715 19.8946 24.2744
C 16.2890 29.2629 26.1868
N 16.9879 30.1088 25.3202
C 17.9903 29.7004 24.4853
O 15.5457 29.6606 27.0571
O 18.6043 30.4388 23.7579
C 16.6197 31.5535 25.3720
N 19.1939 18.9987 24.8887
O 17.1518 18.5917 25.7430
O 21.1597 19.4965 23.9537
H 20.9037 24.2602 22.9316
H 21.4013 21.8693 22.9354
H 15.9200 20.5705 26.5990
H 15.4044 22.8655 26.7306
H 19.8967 28.4268 23.0649
H 20.3879 26.1313 22.9641
H 15.3818 24.9127 27.2750
H 14.9626 27.1685 27.4109
H 17.3552 32.1676 24.8920
H 16.5733 31.8087 26.4359
H 15.6446 31.7008 24.9123
C 23.9166 20.3557 26.0081
C 24.9310 20.9927 25.3222
C 26.0978 20.2548 24.9406
C 26.1575 18.8764 25.2435
C 25.1337 18.2564 25.9439
C 23.9828 18.9827 26.3084
C 22.6246 22.4110 26.0381
C 23.6803 23.0175 25.3928
C 24.8635 22.3384 25.0515
C 22.7527 21.0554 26.3801
C 27.0978 22.2689 24.0329
C 28.1621 22.8776 23.3548
C 29.2510 22.1909 22.8281
C 29.2743 20.8172 23.0244
C 28.2656 20.1966 23.6815
C 27.1566 20.8641 24.2428
C 26.0128 24.3791 24.3575
C 27.0685 24.9884 23.7437
C 28.1527 24.2621 23.2216
C 25.9613 22.9903 24.4883
C 21.6158 20.3664 27.0433
C 22.8757 18.2917 27.0144
C 29.2791 24.9868 22.5764
N 30.3697 24.2562 22.1637
C 30.4296 22.9034 22.2045
O 29.2385 26.1600 22.4089
O 31.4225 22.3187 21.8357
C 31.4875 24.9688 21.5189
N 21.7756 19.0341 27.3154
O 20.6004 20.9506 27.3545
O 22.9173 17.1195 27.2865
H 26.9873 18.2097 24.9699
H 25.0977 17.1525 26.1058
H 21.7477 23.0090 26.3293
H 23.5040 24.0726 25.1265
H 30.0614 20.2328 22.5591
H 28.3516 19.1190 23.7888
H 25.1704 25.0196 24.6878
H 27.0347 26.1109 23.6743
H 32.3594 24.8554 22.1789
H 31.2416 26.0267 21.3633
H 31.7611 24.5558 20.5690
C 20.5408 18.8369 29.4084
C 19.4027 18.4442 30.1153
C 18.4644 17.6029 29.5395
C 18.5812 17.2201 28.2206
C 19.7313 17.5701 27.4530
C 20.6823 18.4544 28.0573
C 17.3231 17.2679 30.3292
C 16.3010 16.5496 29.7507
C 16.3782 16.1658 28.4120
C 17.5306 16.4339 27.6772
C 19.8548 16.9256 26.0906
C 19.5267 17.6137 24.8807
C 19.5322 16.9406 23.6446
C 19.8531 15.5776 23.5686
C 20.2253 14.8960 24.7179
C 20.1848 15.5444 25.9721
C 20.5261 14.8005 27.1021
C 20.9984 13.5022 26.9988
C 21.0426 12.8880 25.7821
C 20.6023 13.5576 24.6474
H 21.2023 19.5238 29.8772
H 19.1865 18.8266 31.1324
H 17.3002 17.5934 31.3045
H 15.4528 16.2695 30.3506
H 15.6021 15.6241 27.9280
H 17.5509 16.0840 26.6482
H 19.2617 17.5122 22.7762
H 19.8589 15.0570 22.6034
H 20.4910 15.2136 28.0940
H 21.2650 13.0081 27.9250
H 21.2614 11.8143 25.7167
H 20.5734 13.0109 23.7146
C 20.5914 20.8176 19.5075
C 19.6083 21.6190 20.1136
C 19.7105 23.0129 20.0817
C 20.8568 23.6099 19.4519
C 21.8191 22.7841 18.9240
C 21.7050 21.4197 18.9305
C 19.4190 18.8378 20.1661
C 18.4068 19.6559 20.7301
C 18.5256 21.0307 20.7893
C 20.5250 19.4407 19.5605
C 17.5844 23.2214 21.3202
C 16.5528 23.9982 21.9257
C 16.5669 25.3751 21.7739
C 17.6689 25.9605 21.0877
C 18.7021 25.2013 20.5744
C 18.6760 23.8127 20.6564
C 16.5155 21.2580 22.2201
C 15.5014 21.9990 22.8017
C 15.4958 23.3777 22.6058
C 17.5649 21.8314 21.4567
C 21.5419 18.5950 18.8774
C 22.8727 20.5669 18.4834
C 14.4022 24.2102 23.1727
N 14.4676 25.5582 23.0307
C 15.5003 26.2168 22.4062
O 13.5160 23.6684 23.8173
O 15.5863 27.4105 22.3441
C 13.4561 26.3940 23.7373
N 22.6801 19.2259 18.4121
O 21.3095 17.3978 18.7791
O 23.9153 21.0585 18.1476
H 20.9782 24.6491 19.3863
H 22.6263 23.2601 18.4014
H 19.2632 17.7459 20.1251
H 17.5486 19.0725 21.1588
H 17.7471 27.0452 21.0205
H 19.5066 25.8032 20.1852
H 16.4027 20.1752 22.3302
H 14.7097 21.5286 23.3533
H 13.1474 27.2586 23.1280
H 13.8631 26.7350 24.7191
H 12.5347 25.8152 23.9805
C 26.1132 21.7478 20.4122
C 26.6591 23.0144 20.0907
C 27.9089 23.0573 19.4953
C 28.5510 21.8527 19.1532
C 28.0041 20.6126 19.4335
C 26.8025 20.5680 20.1261
C 24.0755 22.8155 21.2453
C 24.5752 24.0607 20.9268
C 25.8915 24.1939 20.3956
C 24.8368 21.6488 21.0042
C 27.7744 25.5029 19.5511
C 28.3769 26.7300 19.2594
C 29.6537 26.7884 18.7171
C 30.2973 25.6182 18.3882
C 29.7400 24.3931 18.6649
C 28.4659 24.3069 19.2517
C 25.8181 26.6363 20.4031
C 26.3915 27.8508 20.1077
C 27.6796 27.8919 19.5772
C 26.4955 25.4201 20.1188
C 24.2718 20.3053 21.2629
C 26.2741 19.2132 20.5843
C 28.3528 29.2240 19.4058
N 29.6114 29.2560 18.8800
C 30.3067 28.1132 18.5041
O 27.7663 30.2574 19.6346
O 31.4179 28.2041 18.0148
C 30.2850 30.5669 18.6652
N 24.9607 19.1848 20.9740
O 23.1647 20.2726 21.7438
O 26.9660 18.2224 20.5776
H 29.5374 21.8132 18.6181
H 28.5260 19.7126 19.1866
H 23.0780 22.7551 21.6563
H 23.9284 24.8870 21.0366
H 31.2849 25.6540 17.9143
H 30.3728 23.5837 18.3569
H 24.8460 26.6339 20.8446
H 25.8138 28.7072 20.3760
H 30.2203 30.8112 17.5980
H 31.3492 30.5568 18.9691
H 29.8575 31.3800 19.2225
C 23.9509 17.4652 22.4066
C 23.4261 16.1656 22.5844
C 23.2852 15.2864 21.5287
C 23.6570 15.6862 20.2553
C 24.1379 17.0195 20.0219
C 24.3027 17.9074 21.1235
C 22.8527 13.9833 21.7290
C 22.5808 13.1442 20.6685
C 22.8766 13.5669 19.3749
C 23.4976 14.7901 19.1849
C 24.5095 17.4314 18.6120
C 23.7543 18.4233 17.8877
C 24.0857 18.6648 16.5384
C 25.0927 17.9382 15.9121
C 25.8621 17.0224 16.6248
C 25.5940 16.7977 17.9703
C 26.3923 15.8701 18.6569
C 27.3948 15.1983 17.9786
C 27.6428 15.4160 16.6393
C 26.9137 16.3745 15.9383
H 24.0658 18.1396 23.2817
H 23.1212 15.8161 23.5497
H 22.6180 13.6573 22.7441
H 22.1907 12.1385 20.8838
H 22.5834 12.9748 18.5452
H 23.6318 15.0684 18.1640
H 23.5057 19.3704 15.9680
H 25.2295 18.0592 14.8398
H 26.2563 15.6927 19.7371
H 28.0543 14.5737 18.5645
H 28.4808 14.9458 16.1864
H 27.0931 16.5704 14.8740
