atom x y z
C 18.2595 21.5605 23.8088
C 17.8610 22.8759 24.0991
C 18.7679 23.9473 24.0069
C 20.0674 23.6230 23.5181
C 20.4683 22.2989 23.3058
C 19.5789 21.2683 23.4934
C 16.0337 20.7099 24.1563
C 15.6343 22.0087 24.5135
C 16.5034 23.1256 24.4526
C 17.3721 20.4760 23.8695
C 16.9860 25.4634 24.6392
C 16.5536 26.7852 24.9030
C 17.4448 27.8676 24.8893
C 18.7685 27.6302 24.4961
C 19.2281 26.3485 24.1773
C 18.3428 25.2508 24.2995
C 14.6908 24.6915 25.0076
C 14.3004 26.0331 25.2480
C 15.2064 27.0596 25.2235
C 16.0337 24.4210 24.7150
C 17.7945 19.0578 23.5918
C 20.0411 19.8383 23.3767
C 14.7259 28.4297 25.4911
N 15.6573 29.4273 25.4876
C 16.9663 29.2494 25.1652
O 13.5746 28.6719 25.7559
O 17.7269 30.1983 25.0797
C 15.2666 30.8167 25.8936
N 19.1205 18.8674 23.4334
O 16.9993 18.1209 23.5059
O 21.2379 19.6271 23.2219
H 20.8332 24.3239 23.4279
H 21.4903 22.0828 23.0446
H 15.2752 19.8848 24.1978
H 14.6113 22.1014 24.8358
H 19.4812 28.4357 24.4406
H 20.2355 26.1983 23.9092
H 13.9371 23.9108 25.0061
H 13.2316 26.1705 25.4073
H 15.5459 31.5171 25.1052
H 15.7691 31.0509 26.8519
H 14.2097 30.8633 26.1616
C 23.0392 19.8531 25.8496
C 24.2291 20.5405 25.5147
C 25.4298 19.8193 25.2831
C 25.3603 18.4138 25.3606
C 24.1889 17.7614 25.7291
C 23.0116 18.4616 25.9289
C 21.8719 21.9393 26.1097
C 23.0218 22.6383 25.8248
C 24.2559 21.9526 25.5284
C 21.8655 20.5550 26.1297
C 26.6147 21.9279 25.0457
C 27.8329 22.5870 24.8505
C 29.0128 21.8887 24.5939
C 28.9777 20.4779 24.5816
C 27.7972 19.8096 24.8137
C 26.6249 20.5226 25.0527
C 25.5276 24.0608 25.3192
C 26.7501 24.6960 25.1597
C 27.8942 23.9863 24.8506
C 25.4668 22.6637 25.3116
C 20.5914 19.8217 26.4152
C 21.7849 17.7448 26.3799
C 29.1902 24.7479 24.5892
N 30.2857 23.9667 24.3472
C 30.2843 22.5783 24.3556
O 29.2622 25.9675 24.6280
O 31.3077 21.9693 24.1771
C 31.5442 24.6566 24.0193
N 20.6591 18.4565 26.5152
O 19.5328 20.4841 26.4559
O 21.8192 16.5558 26.6182
H 26.2659 17.8096 25.2866
H 24.1654 16.6575 25.8314
H 21.0228 22.4971 26.4565
H 22.9390 23.7256 25.7909
H 29.8998 19.9207 24.3939
H 27.8241 18.7412 24.7157
H 24.6199 24.6430 25.3901
H 26.7292 25.7714 25.1708
H 32.1417 24.8459 24.9392
H 31.3676 25.6117 23.5314
H 32.1216 24.0313 23.3269
C 18.7670 17.9610 28.0172
C 17.4881 17.4243 28.2804
C 16.8601 16.7053 27.3010
C 17.4548 16.4989 26.0529
C 18.7482 17.0094 25.7599
C 19.3945 17.7702 26.7521
C 15.6107 16.1794 27.5632
C 14.9443 15.4877 26.5654
C 15.4939 15.2627 25.3343
C 16.7652 15.7784 25.0714
C 19.5197 16.6203 24.4795
C 19.5922 17.5185 23.3562
C 20.1842 17.0820 22.1665
C 20.6466 15.8104 22.0359
C 20.5402 14.9163 23.0842
C 19.9907 15.2815 24.3487
C 19.9162 14.3345 25.3859
C 20.3940 13.0391 25.1763
C 21.0031 12.7026 23.9551
C 21.0399 13.6125 22.9432
H 19.2486 18.6400 28.7471
H 17.0031 17.6765 29.2418
H 15.1648 16.3221 28.5517
H 13.9236 15.1283 26.7988
H 14.9149 14.6835 24.5967
H 17.1905 15.5827 24.0990
H 20.2956 17.7940 21.3559
H 21.1050 15.5409 21.0824
H 19.5218 14.6396 26.3702
H 20.2773 12.3080 25.9241
H 21.4882 11.7602 23.7786
H 21.5695 13.3811 22.0116
